../../.git/annex/objects/xf/WQ/MD5E-s62--7877daaa0a08d6e78476b244a122c1a2.csv/MD5E-s62--7877daaa0a08d6e78476b244a122c1a2.csv